10 0.789982 0.421109 0.073223 0.108150
10 0.063879 0.573836 0.105086 0.477328
10 0.136642 0.559589 0.095588 0.415135
10 0.189798 0.418351 0.070159 0.086091
10 0.242646 0.606925 0.186887 0.520221
10 0.336244 0.606005 0.116728 0.469363
10 0.519148 0.606924 0.092218 0.465074
10 0.599418 0.615808 0.144301 0.495711
10 0.665288 0.611520 0.089154 0.476716
10 0.443474 0.600950 0.165748 0.515012
10 0.736366 0.603708 0.089154 0.390625
10 0.807598 0.579658 0.123162 0.436275
10 0.868566 0.635111 0.134804 0.453431
