10 0.377441 0.452636 0.053711 0.124023
10 0.131836 0.548828 0.167969 0.224609
10 0.200195 0.456543 0.035156 0.083008
10 0.432617 0.437499 0.039062 0.126953
10 0.510742 0.450196 0.039062 0.117188
10 0.542481 0.450195 0.038086 0.119141
10 0.630371 0.437500 0.041992 0.138672
10 0.661622 0.440918 0.049805 0.125977
10 0.696777 0.444824 0.055664 0.133789
10 0.807617 0.441406 0.046875 0.134766
10 0.778321 0.433594 0.037109 0.142578
10 0.925781 0.516114 0.097656 0.200195
10 0.468262 0.504395 0.083008 0.149414
10 0.283691 0.501953 0.104492 0.265625
